# HZ44 - 10A CALSPEC (Moustakas) + HST IR-0.02m, tellurics censored
 3200.0 10.869 10.0
 3210.0 10.849 10.0
 3220.0 10.786 10.0
 3230.0 10.781 10.0
 3240.0 10.778 10.0
 3250.0 10.795 10.0
 3260.0 10.798 10.0
 3270.0 10.800 10.0
 3280.0 10.810 10.0
 3290.0 10.825 10.0
 3300.0 10.825 10.0
 3310.0 10.816 10.0
 3320.0 10.832 10.0
 3330.0 10.850 10.0
 3340.0 10.856 10.0
 3350.0 10.863 10.0
 3360.0 10.875 10.0
 3370.0 10.874 10.0
 3380.0 10.857 10.0
 3390.0 10.858 10.0
 3400.0 10.856 10.0
 3410.0 10.857 10.0
 3420.0 10.863 10.0
 3430.0 10.863 10.0
 3440.0 10.879 10.0
 3450.0 10.901 10.0
 3460.0 10.886 10.0
 3470.0 10.887 10.0
 3480.0 10.902 10.0
 3490.0 10.907 10.0
 3500.0 10.918 10.0
 3510.0 10.926 10.0
 3520.0 10.925 10.0
 3530.0 10.936 10.0
 3540.0 10.941 10.0
 3550.0 10.941 10.0
 3560.0 10.944 10.0
 3570.0 10.933 10.0
 3580.0 10.956 10.0
 3590.0 10.973 10.0
 3600.0 10.954 10.0
 3610.0 10.966 10.0
 3620.0 10.976 10.0
 3630.0 11.006 10.0
 3640.0 11.021 10.0
 3650.0 10.981 10.0
 3660.0 10.971 10.0
 3670.0 10.965 10.0
 3680.0 10.964 10.0
 3690.0 10.988 10.0
 3700.0 11.063 10.0
 3710.0 11.090 10.0
 3720.0 11.021 10.0
 3730.0 11.008 10.0
 3740.0 11.011 10.0
 3750.0 11.012 10.0
 3760.0 11.017 10.0
 3770.0 11.019 10.0
 3780.0 11.018 10.0
 3790.0 11.028 10.0
 3800.0 11.051 10.0
 3810.0 11.072 10.0
 3820.0 11.178 10.0
 3830.0 11.115 10.0
 3840.0 11.084 10.0
 3850.0 11.035 10.0
 3860.0 11.035 10.0
 3870.0 11.061 10.0
 3880.0 11.086 10.0
 3890.0 11.128 10.0
 3900.0 11.068 10.0
 3910.0 11.037 10.0
 3920.0 11.049 10.0
 3930.0 11.080 10.0
 3940.0 11.078 10.0
 3950.0 11.073 10.0
 4000.0 11.121 10.0
 4010.0 11.169 10.0
 4020.0 11.239 10.0
 4030.0 11.261 10.0
 4040.0 11.162 10.0
 4050.0 11.118 10.0
 4060.0 11.098 10.0
 4070.0 11.098 10.0
 4130.0 11.158 10.0
 4140.0 11.197 10.0
 4150.0 11.184 10.0
 4160.0 11.145 10.0
 4170.0 11.156 10.0
 4180.0 11.172 10.0
 4190.0 11.184 10.0
 4200.0 11.199 10.0
 4210.0 11.194 10.0
 4220.0 11.184 10.0
 4230.0 11.184 10.0
 4240.0 11.187 10.0
 4250.0 11.182 10.0
 4260.0 11.181 10.0
 4270.0 11.184 10.0
 4280.0 11.205 10.0
 4290.0 11.215 10.0
 4300.0 11.225 10.0
 4390.0 11.344 10.0
 4400.0 11.285 10.0
 4410.0 11.261 10.0
 4420.0 11.258 10.0
 4430.0 11.275 10.0
 4440.0 11.288 10.0
 4450.0 11.297 10.0
 4460.0 11.346 10.0
 4470.0 11.455 10.0
 4480.0 11.393 10.0
 4490.0 11.316 10.0
 4500.0 11.298 10.0
 4510.0 11.311 10.0
 4520.0 11.319 10.0
 4530.0 11.342 10.0
 4540.0 11.372 10.0
 4550.0 11.358 10.0
 4560.0 11.325 10.0
 4570.0 11.318 10.0
 4580.0 11.311 10.0
 4590.0 11.317 10.0
 4600.0 11.331 10.0
 4610.0 11.351 10.0
 4620.0 11.368 10.0
 4630.0 11.389 10.0
 4640.0 11.393 10.0
 4650.0 11.378 10.0
 4660.0 11.370 10.0
 4670.0 11.378 10.0
 4680.0 11.445 10.0
 4690.0 11.479 10.0
 4700.0 11.428 10.0
 4710.0 11.431 10.0
 4720.0 11.418 10.0
 4730.0 11.405 10.0
 4740.0 11.396 10.0
 4750.0 11.393 10.0
 4760.0 11.397 10.0
 4770.0 11.398 10.0
 4780.0 11.400 10.0
 4790.0 11.398 10.0
 4800.0 11.400 10.0
 4810.0 11.402 10.0
 4820.0 11.409 10.0
 4910.0 11.478 10.0
 4920.0 11.508 10.0
 4930.0 11.514 10.0
 4940.0 11.493 10.0
 4950.0 11.471 10.0
 4960.0 11.466 10.0
 4970.0 11.467 10.0
 4980.0 11.473 10.0
 4990.0 11.482 10.0
 5000.0 11.497 10.0
 5010.0 11.510 10.0
 5020.0 11.517 10.0
 5030.0 11.513 10.0
 5040.0 11.512 10.0
 5050.0 11.518 10.0
 5060.0 11.519 10.0
 5070.0 11.514 10.0
 5080.0 11.512 10.0
 5090.0 11.515 10.0
 5100.0 11.520 10.0
 5110.0 11.526 10.0
 5120.0 11.531 10.0
 5130.0 11.538 10.0
 5140.0 11.547 10.0
 5150.0 11.552 10.0
 5160.0 11.556 10.0
 5170.0 11.561 10.0
 5180.0 11.565 10.0
 5190.0 11.569 10.0
 5200.0 11.572 10.0
 5210.0 11.574 10.0
 5220.0 11.574 10.0
 5230.0 11.579 10.0
 5240.0 11.583 10.0
 5250.0 11.586 10.0
 5260.0 11.588 10.0
 5270.0 11.590 10.0
 5280.0 11.595 10.0
 5290.0 11.610 10.0
 5300.0 11.613 10.0
 5310.0 11.594 10.0
 5320.0 11.578 10.0
 5330.0 11.579 10.0
 5340.0 11.575 10.0
 5350.0 11.585 10.0
 5360.0 11.590 10.0
 5370.0 11.601 10.0
 5380.0 11.612 10.0
 5390.0 11.626 10.0
 5400.0 11.657 10.0
 5410.0 11.717 10.0
 5420.0 11.707 10.0
 5430.0 11.662 10.0
 5440.0 11.647 10.0
 5450.0 11.643 10.0
 5460.0 11.645 10.0
 5470.0 11.647 10.0
 5480.0 11.646 10.0
 5490.0 11.648 10.0
 5500.0 11.652 10.0
 5510.0 11.647 10.0
 5520.0 11.650 10.0
 5530.0 11.658 10.0
 5540.0 11.662 10.0
 5550.0 11.665 10.0
 5560.0 11.666 10.0
 5570.0 11.669 10.0
 5580.0 11.676 10.0
 5590.0 11.675 10.0
 5600.0 11.681 10.0
 5610.0 11.689 10.0
 5620.0 11.692 10.0
 5630.0 11.688 10.0
 5640.0 11.702 10.0
 5650.0 11.700 10.0
 5660.0 11.704 10.0
 5670.0 11.713 10.0
 5680.0 11.725 10.0
 5690.0 11.723 10.0
 5700.0 11.721 10.0
 5710.0 11.718 10.0
 5720.0 11.724 10.0
 5730.0 11.727 10.0
 5740.0 11.734 10.0
 5750.0 11.734 10.0
 5760.0 11.734 10.0
 5770.0 11.741 10.0
 5780.0 11.744 10.0
 5790.0 11.745 10.0
 5800.0 11.747 10.0
 5810.0 11.755 10.0
 5820.0 11.760 10.0
 5830.0 11.763 10.0
 5840.0 11.769 10.0
 5850.0 11.777 10.0
 5860.0 11.786 10.0
 5870.0 11.838 10.0
 5880.0 11.899 10.0
 5890.0 11.823 10.0
 5900.0 11.800 10.0
 5910.0 11.793 10.0
 5920.0 11.796 10.0
 5930.0 11.799 10.0
 5940.0 11.809 10.0
 5950.0 11.809 10.0
 5960.0 11.810 10.0
 5970.0 11.812 10.0
 5980.0 11.814 10.0
 5990.0 11.819 10.0
 6000.0 11.820 10.0
 6010.0 11.823 10.0
 6020.0 11.831 10.0
 6030.0 11.833 10.0
 6040.0 11.837 10.0
 6050.0 11.838 10.0
 6060.0 11.844 10.0
 6070.0 11.845 10.0
 6080.0 11.850 10.0
 6090.0 11.853 10.0
 6100.0 11.857 10.0
 6110.0 11.862 10.0
 6120.0 11.862 10.0
 6130.0 11.860 10.0
 6140.0 11.863 10.0
 6150.0 11.868 10.0
 6160.0 11.875 10.0
 6170.0 11.879 10.0
 6180.0 11.882 10.0
 6190.0 11.878 10.0
 6200.0 11.880 10.0
 6210.0 11.887 10.0
 6220.0 11.893 10.0
 6230.0 11.893 10.0
 6240.0 11.897 10.0
 6250.0 11.900 10.0
 6260.0 11.905 10.0
 6340.0 11.946 10.0
 6350.0 11.943 10.0
 6360.0 11.941 10.0
 6370.0 11.942 10.0
 6380.0 11.944 10.0
 6390.0 11.949 10.0
 6400.0 11.954 10.0
 6410.0 11.955 10.0
 6420.0 11.960 10.0
 6430.0 11.959 10.0
 6440.0 11.964 10.0
 6450.0 11.968 10.0
 6460.0 11.975 10.0
 6470.0 11.977 10.0
 6480.0 11.982 10.0
 6490.0 11.982 10.0
 6630.0 12.023 10.0
 6640.0 12.023 10.0
 6650.0 12.030 10.0
 6660.0 12.037 10.0
 6670.0 12.068 10.0
 6680.0 12.133 10.0
 6690.0 12.091 10.0
 6700.0 12.057 10.0
 6710.0 12.054 10.0
 6720.0 12.049 10.0
 6730.0 12.050 10.0
 6740.0 12.053 10.0
 6750.0 12.055 10.0
 6760.0 12.057 10.0
 6770.0 12.059 10.0
 6780.0 12.061 10.0
 6790.0 12.064 10.0
 6800.0 12.068 10.0
 6810.0 12.070 10.0
 6820.0 12.074 10.0
 6830.0 12.080 10.0
 6840.0 12.084 10.0
 6850.0 12.088 10.0
 6960.0 12.122 10.0
 6970.0 12.123 10.0
 6980.0 12.120 10.0
 6990.0 12.123 10.0
 7000.0 12.130 10.0
 7010.0 12.133 10.0
 7020.0 12.137 10.0
 7030.0 12.138 10.0
 7040.0 12.142 10.0
 7050.0 12.149 10.0
 7060.0 12.171 10.0
 7070.0 12.201 10.0
 7080.0 12.165 10.0
 7090.0 12.160 10.0
 7100.0 12.161 10.0
 7110.0 12.159 10.0
 7120.0 12.163 10.0
 7130.0 12.163 10.0
 7140.0 12.167 10.0
 7150.0 12.175 10.0
 7160.0 12.179 10.0
 7390.0 12.237 10.0
 7400.0 12.242 10.0
 7410.0 12.245 10.0
 7420.0 12.246 10.0
 7430.0 12.246 10.0
 7440.0 12.249 10.0
 7450.0 12.253 10.0
 7460.0 12.258 10.0
 7470.0 12.259 10.0
 7480.0 12.258 10.0
 7490.0 12.266 10.0
 7500.0 12.274 10.0
 7510.0 12.276 10.0
 7520.0 12.274 10.0
 7530.0 12.275 10.0
 7540.0 12.282 10.0
 7550.0 12.289 10.0
 7560.0 12.290 10.0
 7570.0 12.293 10.0
 7580.0 12.304 10.0
 7750.0 12.336 10.0
 7760.0 12.336 10.0
 7770.0 12.340 10.0
 7780.0 12.337 10.0
 7790.0 12.345 10.0
 7800.0 12.350 10.0
 7810.0 12.352 10.0
 7820.0 12.355 10.0
 7830.0 12.356 10.0
 7840.0 12.357 10.0
 7850.0 12.359 10.0
 7860.0 12.362 10.0
 7870.0 12.362 10.0
 7880.0 12.368 10.0
 7890.0 12.371 10.0
 7900.0 12.371 10.0
 7910.0 12.377 10.0
 7920.0 12.387 10.0
 7930.0 12.389 10.0
 7940.0 12.388 10.0
 7950.0 12.386 10.0
 7960.0 12.387 10.0
 7970.0 12.390 10.0
 7980.0 12.395 10.0
 7990.0 12.395 10.0
 8000.0 12.396 10.0
 8010.0 12.403 10.0
 8020.0 12.405 10.0
 8030.0 12.402 10.0
 8040.0 12.413 10.0
 8050.0 12.416 10.0
 8060.0 12.416 10.0
 8070.0 12.412 10.0
 8080.0 12.412 10.0
 8360.0 12.507 10.0
 8370.0 12.507 10.0
 8380.0 12.500 10.0
 8390.0 12.496 10.0
 8400.0 12.494 10.0
 8410.0 12.497 10.0
 8420.0 12.506 10.0
 8430.0 12.502 10.0
 8440.0 12.506 10.0
 8450.0 12.521 10.0
 8460.0 12.519 10.0
 8470.0 12.514 10.0
 8480.0 12.517 10.0
 8490.0 12.519 10.0
 8500.0 12.522 10.0
 8510.0 12.532 10.0
 8520.0 12.541 10.0
 8530.0 12.534 10.0
 8540.0 12.531 10.0
 8550.0 12.531 10.0
 8560.0 12.541 10.0
 8570.0 12.540 10.0
 8580.0 12.543 10.0
 8590.0 12.550 10.0
 8600.0 12.563 10.0
 8610.0 12.555 10.0
 8620.0 12.549 10.0
 8630.0 12.548 10.0
 8640.0 12.561 10.0
 8650.0 12.562 10.0
 8660.0 12.568 10.0
 8670.0 12.570 10.0
 8680.0 12.564 10.0
 8690.0 12.572 10.0
 8700.0 12.568 10.0
 8710.0 12.576 10.0
 8720.0 12.580 10.0
 8730.0 12.580 10.0
 8740.0 12.581 10.0
 8750.0 12.590 10.0
 8760.0 12.589 10.0
 8770.0 12.589 10.0
 8780.0 12.600 10.0
 8790.0 12.601 10.0
 8800.0 12.601 10.0
 8810.0 12.590 10.0
 8820.0 12.601 10.0
 8830.0 12.611 10.0
 8840.0 12.600 10.0
 8850.0 12.599 10.0
 8860.0 12.617 10.0
 8870.0 12.616 10.0
 8880.0 12.614 10.0
 8890.0 12.616 10.0
 8900.0 12.617 10.0
 9700.0 12.783 10.0
 9710.0 12.801 10.0
 9720.0 12.798 10.0
 9730.0 12.788 10.0
 9740.0 12.777 10.0
 9750.0 12.783 10.0
 9760.0 12.785 10.0
 9770.0 12.796 10.0
 9780.0 12.796 10.0
 9790.0 12.799 10.0
 9800.0 12.792 10.0
 9810.0 12.792 10.0
 9820.0 12.799 10.0
 9830.0 12.816 10.0
 9840.0 12.811 10.0
 9850.0 12.799 10.0
 9860.0 12.810 10.0
 9870.0 12.812 10.0
 9880.0 12.814 10.0
 9890.0 12.819 10.0
 9900.0 12.828 10.0
 9910.0 12.828 10.0
 9920.0 12.822 10.0
 9930.0 12.832 10.0
 9940.0 12.820 10.0
 9950.0 12.830 10.0
 9960.0 12.832 10.0
 9970.0 12.837 10.0
 9980.0 12.847 10.0
 9990.0 12.854 10.0
10000.0 12.866 10.0
10010.0 12.861 10.0
10020.0 12.881 10.0
10030.0 12.907 10.0
10040.0 12.923 10.0
10050.0 12.929 10.0
10060.0 12.907 10.0
10070.0 12.905 10.0
10080.0 12.883 10.0
10090.0 12.870 10.0
10100.04 12.873 13.0
10116.90 12.873 13.0
10133.79 12.872 13.0
10150.71 12.872 13.0
10167.65 12.874 13.0
10184.62 12.877 13.0
10201.62 12.880 13.0
10218.65 12.882 13.0
10235.71 12.885 13.0
10252.79 12.887 13.0
10269.91 12.891 13.0
10287.05 12.895 13.0
10304.22 12.898 13.0
10321.42 12.902 13.0
10338.65 12.906 13.0
10355.91 12.909 13.0
10373.19 12.912 13.0
10390.51 12.915 13.0
10407.85 12.918 13.0
10425.22 12.921 13.0
10442.63 12.924 13.0
10460.06 12.928 13.0
10477.52 12.931 13.0
10495.01 12.935 13.0
10512.52 12.938 13.0
10530.07 12.942 13.0
